76,35
10,227
10,165
10,13
10,185
10,263
10,93
10,137
10,2
10,3
11,13
11,7
9,7
9,5
9,2
9,3
8,8
8,11
8,5
8,15
8,12
8,7
8,6
71,5
71,4
71,3
71,2
71,1
71,0
70,3
70,2
70,1
70,0
69,3
69,2
69,1
69,0
68,4
68,3
68,2
68,1
68,0
67,4
67,3
67,2
67,1
67,0
66,4
66,3
66,2
66,1
66,0
65,3
65,2
65,1
20,3
20,2
20,1
19,3
19,2
19,1
12,3
12,2
12,1
11,29
11,27
11,26
11,22
11,21
11,20
11,19
11,17
11,15
11,12
11,11
11,10
11,9
11,8
11,6
11,5
11,3
11,2
11,1
10,300
10,295
10,291
10,272
10,269
10,268
18,1
10,261
18,3
10,255
10,247
